0.13509039348363877
0.08824279743830363
0.08215583797295889
0.07896137904723485
0.07675827544927596
0.07514595013062159
0.07401146105925242
0.07304305712779363
0.07239846882025401
0.07178058252731959
0.07114818706115086
0.07079319415489832
0.0703836087067922
0.06996894479990005
0.06967280084292093
0.06933990453879038
0.06908560928503672
0.06877637129227321
0.06860326853195826
0.06832863751252492
0.06816672485272089
0.06796839572985967
0.06787921864191691
0.06768014875650406
0.06757252903381983
0.0674115677078565
0.06729925558169683
0.06713512620528539
0.06697629735867182
0.06690221358935038
0.06679046209255854
0.06667861232360205
0.06663990419308345
0.06650483522017797
0.06640056216319402
0.06633937120437622
0.06624483673175176
0.06617252459128697
0.06610002190669377
0.06599895550807316
0.06596921545267105
0.06591072490612666
0.06585154514710108
0.06580382188558578
0.0657168506582578
0.06566290585199992
0.0656329579869906
0.06555826568206151
0.06553979975779851
0.06546961824099223
